1.474695373326539993e-02
3.713261336088180542e-02
9.335026741027832031e-01
1.461784075945615768e-02
6.524389982223510742e-02
8.225765228271484375e-01
7.267117500305175781e-02
3.950844705104827881e-02
6.599215269088745117e-01
1.565445959568023682e-01
5.988902598619461060e-02
1.236448734998703003e-01
2.615047693252563477e-01
1.044964119791984558e-01
2.957939207553863525e-01
3.382049500942230225e-01
3.375777006149291992e-01
8.542697876691818237e-02
3.412005901336669922e-01
2.357947528362274170e-01
1.330002248287200928e-01
3.917217552661895752e-01
4.380149245262145996e-01
3.726302087306976318e-02
2.887403592467308044e-02
8.368463814258575439e-02
7.761526107788085938e-01
1.112887263298034668e-01
1.464951504021883011e-02
9.476460218429565430e-01
2.350226044654846191e-02
1.420221012085676193e-02
2.686678804457187653e-02
7.229429483413696289e-01
3.490006551146507263e-02
2.152901738882064819e-01
3.170117735862731934e-02
9.542341828346252441e-01
5.812769290059804916e-03
8.251760154962539673e-03
1.694836467504501343e-02
7.371050119400024414e-02
1.291679125279188156e-02
8.964243531227111816e-01
9.497723579406738281e-01
1.188675779849290848e-02
2.273329347372055054e-02
1.560749858617782593e-02
4.598394036293029785e-02
3.103565424680709839e-02
9.028953909873962402e-01
2.008490636944770813e-02
1.177952587604522705e-01
1.140667218714952469e-02
8.483682274818420410e-01
2.242985367774963379e-02
8.872567117214202881e-02
1.090906001627445221e-02
8.114598393440246582e-01
8.890546858310699463e-02
7.893170416355133057e-02
8.639180660247802734e-01
1.285441871732473373e-02
4.429581388831138611e-02
1.191799640655517578e-01
2.921031713485717773e-01
1.715626381337642670e-02
5.715606212615966797e-01
8.064253330230712891e-01
1.130636483430862427e-01
1.302042044699192047e-02
6.749068200588226318e-02
1.561935991048812866e-01
4.450475275516510010e-01
2.640053033828735352e-01
1.347535997629165649e-01
2.122229337692260742e-01
1.685778945684432983e-01
3.611933887004852295e-01
2.580058574676513672e-01
5.131261795759201050e-02
2.383377216756343842e-02
8.135049343109130859e-01
1.113487184047698975e-01
