[[[0.01474695 0.03713261 0.9335027  0.01461784]
  [0.0652439  0.8225765  0.07267118 0.03950845]
  [0.6599215  0.1565446  0.05988903 0.12364487]]

 [[0.38695583 0.12419485 0.17466837 0.31418088]
  [0.20259288 0.0803761  0.37835208 0.33867896]
  [0.17500708 0.27912322 0.5073275  0.03854221]]

 [[0.02887404 0.08368464 0.7761526  0.11128873]
  [0.01464952 0.947646   0.02350226 0.01420221]
  [0.02686679 0.72294295 0.03490007 0.21529017]]

 [[0.0373315  0.9445562  0.00640519 0.01170707]
  [0.01346537 0.05336919 0.01244698 0.9207185 ]
  [0.97038513 0.00900934 0.0125856  0.00801986]]

 [[0.00657959 0.013365   0.9735338  0.0065215 ]
  [0.03948185 0.00247036 0.95097697 0.00707079]
  [0.1793902  0.00904592 0.73447484 0.07708901]]

 [[0.34955177 0.2204289  0.16615674 0.2638626 ]
  [0.31269225 0.14410087 0.19751711 0.34568977]
  [0.27327907 0.31544098 0.10085601 0.31042388]]

 [[0.05745434 0.4067125  0.11311287 0.42272016]
  [0.2097836  0.15140015 0.33273888 0.30607733]
  [0.17751361 0.04941404 0.66030216 0.11277013]]]