[[[0.01474695 0.03713261 0.9335027  0.01461784]
  [0.0652439  0.8225765  0.07267118 0.03950845]
  [0.6599215  0.1565446  0.05988903 0.12364487]]

 [[0.26150477 0.10449641 0.29579392 0.33820495]
  [0.3375777  0.08542698 0.3412006  0.23579475]
  [0.13300022 0.39172176 0.43801492 0.03726302]]

 [[0.02887404 0.08368464 0.7761526  0.11128873]
  [0.01464952 0.947646   0.02350226 0.01420221]
  [0.02686679 0.72294295 0.03490007 0.21529017]]

 [[0.03170118 0.9542342  0.00581277 0.00825176]
  [0.01694836 0.0737105  0.01291679 0.89642435]
  [0.94977236 0.01188676 0.02273329 0.0156075 ]]

 [[0.04598394 0.03103565 0.9028954  0.02008491]
  [0.11779526 0.01140667 0.8483682  0.02242985]
  [0.08872567 0.01090906 0.81145984 0.08890547]]

 [[0.0789317  0.86391807 0.01285442 0.04429581]
  [0.11917996 0.29210317 0.01715626 0.5715606 ]
  [0.80642533 0.11306365 0.01302042 0.06749068]]

 [[0.1561936  0.44504753 0.2640053  0.1347536 ]
  [0.21222293 0.1685779  0.3611934  0.25800586]
  [0.05131262 0.02383377 0.81350493 0.11134872]]]