1.474695373326539993e-02
3.713261336088180542e-02
9.335026741027832031e-01
1.461784075945615768e-02
6.524389982223510742e-02
8.225765228271484375e-01
7.267117500305175781e-02
3.950844705104827881e-02
6.599215269088745117e-01
1.565445959568023682e-01
5.988902598619461060e-02
1.236448734998703003e-01
3.869558274745941162e-01
1.241948455572128296e-01
1.746683716773986816e-01
3.141808807849884033e-01
2.025928795337677002e-01
8.037610352039337158e-02
3.783520758152008057e-01
3.386789560317993164e-01
1.750070750713348389e-01
2.791232168674468994e-01
5.073274970054626465e-01
3.854221478104591370e-02
2.887403592467308044e-02
8.368463814258575439e-02
7.761526107788085938e-01
1.112887263298034668e-01
1.464951504021883011e-02
9.476460218429565430e-01
2.350226044654846191e-02
1.420221012085676193e-02
2.686678804457187653e-02
7.229429483413696289e-01
3.490006551146507263e-02
2.152901738882064819e-01
3.733149543404579163e-02
9.445561766624450684e-01
6.405190099030733109e-03
1.170707307755947113e-02
1.346537470817565918e-02
5.336919426918029785e-02
1.244697626680135727e-02
9.207184910774230957e-01
9.703851342201232910e-01
9.009337984025478363e-03
1.258560270071029663e-02
8.019856177270412445e-03
6.579586770385503769e-03
1.336500421166419983e-02
9.735338091850280762e-01
6.521504838019609451e-03
3.948185220360755920e-02
2.470361068844795227e-03
9.509769678115844727e-01
7.070785388350486755e-03
1.793902069330215454e-01
9.045924060046672821e-03
7.344748377799987793e-01
7.708901166915893555e-02
3.495517671108245850e-01
2.204288989305496216e-01
1.661567389965057373e-01
2.638626098632812500e-01
3.126922547817230225e-01
1.441008746623992920e-01
1.975171118974685669e-01
3.456897735595703125e-01
2.732790708541870117e-01
3.154409825801849365e-01
1.008560135960578918e-01
3.104238808155059814e-01
5.745434388518333435e-02
4.067125022411346436e-01
1.131128743290901184e-01
4.227201640605926514e-01
2.097835987806320190e-01
1.514001488685607910e-01
3.327388763427734375e-01
3.060773313045501709e-01
1.775136142969131470e-01
4.941403865814208984e-02
6.603021621704101562e-01
1.127701252698898315e-01
